Multiple size <= 100
TEST 1 ARG:84 30 14 66 65 17 77 25 26 62 67 80 87 34 88 85 68 28 73 92 49 75 29 39 50 94 33 47 23 21 83 0 31 69 8 57 61 10 19 91 78 55 4 82 7 52 27 16 15 11 42 45 89 71 96 12 36 2 93 90 58 79 20 59 32 13 99 18 95 41 48 98 74 72 46 70 3 76 64 56 97 5 40 81 6 86 24 63 22 54 1 44 51 60 9 35 38 37 53 43 
TEST 2 ARG:68 76 75 83 72 12 66 2 1 81 94 50 96 65 23 58 41 63 55 70 3 8 22 19 80 52 43 24 21 89 16 20 15 0 99 27 7 69 92 14 54 86 88 11 42 45 62 64 98 34 38 56 93 77 46 95 40 28 49 6 84 60 31 91 5 90 26 35 4 51 74 85 82 32 78 71 10 47 87 36 25 48 33 67 59 13 39 30 17 57 61 9 97 37 79 29 44 73 53 18 
TEST 3 ARG:96 95 8 10 11 78 66 2 86 93 49 12 72 99 69 88 83 6 97 80 1 52 21 22 47 19 87 51 20 17 60 54 44 48 62 55 68 34 28 59 15 64 14 37 40 30 43 98 29 33 39 53 36 50 18 89 92 76 73 25 56 42 94 31 79 67 75 9 24 23 90 57 35 32 91 82 4 77 61 74 13 26 63 71 7 27 16 45 3 58 84 0 85 38 81 46 5 70 41 65 
TEST 4 ARG:51 82 9 70 74 11 47 99 19 4 6 78 72 75 14 58 36 84 92 42 94 64 77 40 12 45 1 31 57 39 55 34 2 18 16 49 17 65 23 5 27 96 52 90 30 21 76 46 95 13 32 44 63 71 29 62 89 67 86 41 26 88 50 73 97 38 56 15 3 10 85 33 7 22 43 25 24 20 53 48 28 35 81 80 0 59 69 93 66 37 8 54 79 87 91 98 68 83 61 60 
TEST 5 ARG:80 77 17 63 48 1 38 61 74 95 11 76 96 54 25 67 37 0 52 46 58 8 65 60 40 15 81 12 34 93 3 92 79 9 23 75 27 32 26 50 2 85 89 30 78 84 53 64 35 72 29 21 39 97 7 28 36 16 41 98 57 62 88 33 51 68 66 44 56 24 83 94 59 18 10 47 6 13 19 5 90 31 69 82 14 73 20 45 71 87 22 49 4 70 42 91 55 99 43 86 
TEST 6 ARG:18 60 33 21 78 97 63 19 24 39 11 16 48 12 56 53 95 7 79 22 70 80 1 93 46 64 25 81 20 55 0 75 42 59 50 30 98 66 71 49 87 90 31 96 38 54 9 36 77 82 83 69 92 73 58 72 84 62 43 89 40 10 23 6 65 74 88 26 2 28 27 8 35 44 51 57 52 3 85 67 32 37 15 61 94 4 14 34 99 68 5 47 41 17 45 91 29 13 86 76 
TEST 7 ARG:97 43 3 71 25 90 27 68 94 35 88 92 10 78 85 96 40 29 56 19 49 23 9 69 18 4 80 2 5 98 53 22 81 17 24 15 67 36 31 91 51 60 50 44 63 45 79 74 77 89 65 83 61 14 11 86 75 16 26 6 95 20 1 46 13 52 47 58 37 21 99 57 28 30 8 87 54 34 66 55 33 73 62 48 38 0 93 42 72 84 32 82 59 39 7 64 76 12 70 41 
TEST 8 ARG:75 73 93 64 23 81 45 0 25 78 50 16 24 41 20 98 88 84 17 31 52 99 70 74 61 5 96 7 12 63 35 39 85 87 1 21 37 55 6 19 8 58 15 79 9 30 34 40 91 29 14 51 72 26 53 77 59 49 48 82 22 86 33 43 2 65 27 90 38 36 80 56 71 76 97 95 3 11 92 42 4 69 54 89 66 10 32 47 13 60 62 83 28 67 68 44 46 57 94 18 
TEST 9 ARG:43 68 3 50 84 42 74 18 71 54 80 64 4 44 77 41 16 67 94 15 95 35 65 98 47 12 8 32 59 49 66 97 61 62 90 83 92 17 63 96 11 48 89 10 99 9 53 13 55 29 38 57 31 60 46 87 19 72 51 37 79 24 82 7 22 33 40 21 14 30 86 45 1 81 88 20 34 73 0 91 25 36 69 78 58 2 85 23 28 39 75 27 5 93 70 76 56 52 26 6 
TEST 10 ARG:64 62 49 1 11 8 39 40 30 79 84 27 29 17 60 22 91 45 59 97 19 16 61 51 67 32 69 48 28 70 5 94 98 21 7 99 44 12 37 88 72 93 86 71 38 55 10 96 9 24 18 47 2 78 35 76 89 6 31 42 33 80 13 57 82 73 46 43 74 25 53 77 0 66 34 15 3 65 90 41 14 54 20 85 63 58 83 56 50 95 23 36 68 52 4 87 26 81 75 92 
TEST 11 ARG:37 56 21 89 68 80 66 82 29 84 43 12 48 4 33 58 60 24 2 35 67 94 53 85 91 45 86 44 96 64 17 97 23 70 9 71 83 15 88 59 87 47 28 0 90 40 1 73 99 74 49 26 69 31 95 27 19 50 6 75 65 18 77 41 13 46 98 57 7 92 76 51 34 22 93 55 54 14 38 16 81 62 20 3 10 79 25 32 30 52 63 78 42 5 8 39 72 61 36 11 
TEST 12 ARG:55 84 8 6 2 12 59 16 63 77 9 91 50 57 99 67 43 86 88 72 24 53 30 65 70 4 7 74 58 1 54 29 75 45 81 82 85 56 49 96 51 13 44 98 0 79 31 27 34 3 10 19 93 94 20 25 62 90 64 92 52 66 76 21 17 95 80 61 28 32 97 83 73 42 39 69 37 40 71 23 46 14 5 47 18 22 60 87 15 36 33 41 26 89 38 35 78 48 11 68 
TEST 13 ARG:45 82 24 19 66 94 92 35 87 5 3 71 99 31 15 79 54 43 76 57 13 53 32 26 48 74 51 46 98 61 16 27 59 56 64 63 96 21 81 73 84 6 49 11 42 1 8 22 41 39 58 4 83 55 70 80 33 50 65 60 95 52 90 91 44 10 7 28 62 34 36 14 67 88 25 68 38 89 75 17 29 2 40 9 23 93 86 77 72 85 97 0 30 69 20 78 37 18 47 12 
TEST 14 ARG:99 73 37 14 76 38 71 21 57 56 78 84 23 85 31 5 50 25 30 67 86 39 90 43 27 82 46 12 79 6 2 89 45 15 29 20 63 69 26 60 22 66 10 70 59 16 88 7 62 42 93 44 58 33 9 28 53 83 18 32 19 4 68 40 77 54 52 80 47 74 95 48 92 8 87 75 35 0 41 96 97 51 65 24 1 81 91 55 11 34 94 13 72 3 61 49 17 36 98 64 
TEST 15 ARG:36 51 38 69 48 73 78 3 33 52 25 24 96 12 77 19 60 22 99 62 1 9 58 46 31 61 39 49 8 92 87 63 79 44 45 95 35 88 43 89 30 76 4 57 16 42 94 37 65 41 7 70 0 15 26 56 55 47 2 5 34 85 53 21 98 80 74 6 27 28 40 86 84 66 29 71 11 90 17 93 97 81 75 54 32 59 72 13 50 68 82 10 67 20 83 64 91 14 18 23 
TEST 16 ARG:94 79 40 35 51 76 12 77 63 37 46 86 59 60 43 93 47 9 95 17 89 54 62 67 50 96 78 75 6 23 16 0 27 32 65 21 98 42 72 85 64 83 66 52 26 1 68 38 8 57 14 39 55 25 91 7 87 90 69 61 20 10 29 11 30 24 84 74 49 31 97 19 88 34 15 41 44 3 53 13 58 81 99 4 36 22 33 45 82 92 71 28 73 5 80 18 2 70 48 56 
TEST 17 ARG:64 17 1 9 26 95 72 55 22 37 81 3 39 12 36 88 15 10 31 34 69 19 61 40 78 18 49 60 11 25 53 59 30 73 16 68 0 65 79 46 8 97 14 91 58 42 99 5 4 92 38 93 57 67 94 23 48 89 7 35 20 87 85 80 28 90 82 13 56 32 44 41 51 75 98 27 84 70 50 43 21 2 62 86 29 71 45 6 24 63 33 77 96 83 54 52 76 47 74 66 
TEST 18 ARG:63 14 38 75 95 81 73 55 12 29 53 27 65 66 85 42 68 92 72 22 39 4 13 41 83 16 91 3 94 52 88 23 15 11 26 18 36 49 8 20 71 64 30 0 31 43 7 69 59 62 67 77 19 74 34 37 1 84 61 78 56 96 32 5 21 35 24 76 82 79 99 40 60 58 25 54 50 10 47 86 98 9 44 33 28 97 70 80 46 17 6 87 93 45 2 90 89 48 57 51 
TEST 19 ARG:95 18 75 40 33 70 20 57 30 9 42 15 28 71 92 48 97 27 46 23 10 77 52 14 26 22 24 39 17 65 80 61 78 35 21 96 56 64 86 68 13 31 99 36 55 5 74 32 11 6 2 83 1 82 69 50 54 94 44 73 4 76 66 19 43 60 87 3 81 38 25 12 88 47 7 63 41 0 8 91 89 53 58 72 34 49 37 79 45 84 16 67 62 59 98 51 93 85 29 90 
TEST 20 ARG:81 12 55 18 45 4 77 25 84 91 20 75 65 70 9 7 39 92 79 40 90 34 63 10 58 2 67 26 71 38 52 41 95 28 51 32 14 6 96 59 19 1 8 47 86 98 53 13 29 15 85 11 97 49 44 46 3 35 37 64 94 69 78 50 36 17 73 61 82 74 93 30 16 57 88 83 24 99 42 23 89 62 5 87 54 76 31 33 27 21 0 56 80 43 22 60 48 68 66 72 
TEST 21 ARG:34 0 83 84 76 81 23 97 26 28 57 21 45 31 88 96 86 93 73 75 63 48 80 7 90 87 30 41 59 49 70 38 82 42 51 8 95 66 69 14 65 5 1 33 98 68 35 43 2 72 19 46 58 79 71 94 4 17 44 78 89 56 6 40 64 25 12 99 47 37 53 60 18 85 27 22 50 67 77 11 92 54 52 10 91 9 39 55 13 29 15 36 32 62 74 24 20 61 16 3 
TEST 22 ARG:51 15 1 35 53 61 46 44 66 64 3 52 20 84 65 45 28 60 76 97 8 2 10 48 23 77 93 27 80 0 55 70 30 32 74 22 92 78 41 81 99 9 25 12 83 37 72 73 31 96 18 49 95 36 50 40 54 94 17 4 6 19 57 62 67 21 47 7 11 75 29 89 71 38 63 69 5 13 79 16 24 59 26 98 39 56 88 33 43 58 90 68 42 87 34 14 91 85 82 86 
TEST 23 ARG:65 81 69 55 66 95 44 88 48 68 82 13 16 98 42 0 70 3 71 33 17 78 21 12 90 58 64 14 24 20 18 97 89 31 29 67 6 15 74 80 4 54 86 84 56 57 49 22 51 35 83 1 36 53 38 92 10 37 59 79 87 73 91 43 93 7 27 32 47 26 11 72 45 40 52 30 63 50 94 77 39 34 41 96 62 9 5 99 23 76 85 19 8 61 46 28 60 2 75 25 
TEST 24 ARG:2 84 86 47 90 60 32 97 22 35 74 64 25 54 76 10 63 7 46 67 37 71 80 91 40 50 99 96 75 85 73 49 53 57 28 55 79 95 16 87 51 30 83 56 21 13 48 8 1 89 0 26 77 20 72 36 5 3 27 65 33 93 92 98 14 70 88 44 29 12 9 39 45 31 52 23 19 34 6 58 38 43 69 4 42 94 11 24 15 82 62 18 78 41 81 17 59 61 68 66 
TEST 25 ARG:56 88 62 55 41 86 45 73 39 72 8 26 91 11 16 44 78 25 17 18 14 64 66 27 4 35 51 92 53 57 2 34 80 49 3 13 63 0 50 32 89 1 61 96 87 20 76 29 42 97 79 36 15 60 21 54 38 5 98 69 28 74 90 40 95 68 85 10 23 48 30 77 33 22 24 93 19 75 7 9 46 59 52 6 82 71 12 99 37 58 83 65 47 84 67 81 43 31 94 70 
TEST 26 ARG:52 38 65 46 68 15 41 40 85 76 29 60 97 90 92 58 71 22 19 99 80 12 49 39 78 66 61 82 47 70 94 6 7 37 32 95 24 33 2 74 54 27 63 75 18 14 81 55 26 86 72 42 69 8 17 31 93 5 77 79 56 44 3 98 84 64 13 51 20 23 11 83 43 9 87 28 10 96 35 89 62 48 0 25 34 36 59 4 30 73 88 67 45 53 57 1 91 16 50 21 
TEST 27 ARG:42 72 9 12 63 98 47 41 77 62 68 93 83 36 69 64 51 75 15 3 82 6 54 76 85 4 28 16 45 66 55 39 84 30 74 17 60 40 56 18 35 46 8 96 97 38 58 61 50 7 88 31 37 34 49 94 20 92 11 43 73 19 22 2 99 33 25 90 23 27 44 78 0 14 21 87 52 86 5 81 1 26 53 29 79 95 65 71 67 89 80 48 91 70 57 32 59 24 10 13 
TEST 28 ARG:44 28 25 92 26 77 7 18 12 21 19 63 76 87 84 22 82 31 78 24 15 80 58 83 86 1 73 71 40 52 46 94 56 38 66 49 69 17 53 13 23 59 41 30 79 14 4 9 39 68 65 32 70 10 16 3 67 51 35 55 37 61 36 5 99 54 45 89 20 0 47 62 88 2 34 81 90 8 43 48 95 60 50 72 57 27 85 64 96 74 11 91 29 6 75 98 97 93 42 33 
TEST 29 ARG:88 78 7 84 93 89 42 63 54 14 37 21 4 64 72 80 50 56 59 36 96 12 2 10 38 19 25 11 13 32 18 27 52 45 17 98 39 16 66 1 79 87 29 9 22 55 6 33 67 34 71 31 5 53 94 57 69 48 74 30 76 8 35 61 3 49 81 40 77 99 20 43 90 46 60 28 83 97 47 24 58 15 65 51 23 82 70 41 92 62 86 73 26 85 95 0 44 68 75 91 
TEST 30 ARG:94 31 38 56 97 21 0 6 26 80 39 46 24 14 32 15 37 45 87 73 93 77 19 3 90 60 63 81 49 42 96 48 54 5 95 12 89 92 25 70 35 40 29 17 52 43 91 86 69 41 8 13 75 61 7 16 78 34 50 64 47 57 71 22 85 2 1 53 59 58 55 88 65 82 33 28 76 20 9 36 98 51 10 4 30 66 62 18 84 74 99 68 79 27 11 72 44 67 23 83 
TEST 31 ARG:35 19 33 37 94 39 40 60 77 4 16 98 93 92 49 53 32 91 8 97 57 30 9 47 66 38 24 80 74 67 3 41 29 83 65 7 87 42 25 95 64 15 21 27 76 56 34 14 17 79 70 46 12 89 2 52 99 6 55 5 78 71 48 36 68 1 18 85 63 45 62 31 58 69 81 13 0 11 90 50 10 86 28 54 61 23 59 96 75 51 20 22 72 88 43 73 26 44 82 84 
TEST 32 ARG:35 76 2 91 26 85 19 72 45 50 23 14 29 8 40 77 98 7 25 58 12 39 96 70 52 18 9 61 38 97 82 34 71 78 95 13 51 32 66 6 20 28 4 94 5 64 62 42 57 93 55 37 90 68 24 83 87 75 49 84 22 31 15 1 79 10 46 36 65 16 21 3 54 60 81 59 89 47 17 56 80 69 11 63 0 74 73 43 99 30 88 86 92 44 33 67 48 53 41 27 
TEST 33 ARG:31 37 22 89 47 40 60 8 95 35 4 57 82 48 43 45 2 71 34 66 30 88 44 24 18 96 3 61 91 46 21 93 52 33 6 58 1 13 87 63 54 42 19 32 64 51 50 41 78 11 85 53 10 74 62 99 25 84 15 26 86 59 97 67 56 76 9 0 16 20 36 17 12 92 75 23 5 80 38 98 90 77 79 94 28 72 81 69 49 70 27 83 65 29 7 39 68 73 14 55 
TEST 34 ARG:71 4 97 17 36 14 15 60 43 13 73 89 79 62 83 80 3 49 81 74 48 7 63 55 64 58 26 47 16 9 12 6 82 65 29 27 24 19 75 23 68 91 77 8 66 51 11 25 94 61 42 88 67 0 53 92 86 54 45 1 85 33 46 5 70 10 95 2 44 76 21 69 35 30 78 18 90 20 32 50 59 72 37 96 87 52 99 22 40 39 41 93 38 56 34 28 57 98 31 84 
TEST 35 ARG:61 59 66 57 31 56 60 32 9 81 47 37 19 92 39 99 74 80 41 75 35 27 55 20 86 15 49 33 98 85 90 89 29 93 62 3 82 97 77 43 36 23 34 48 95 21 4 8 67 6 65 84 78 76 50 44 24 53 0 71 22 46 72 51 87 14 40 88 12 64 2 1 69 79 63 58 5 25 38 26 10 68 70 83 96 16 94 7 18 28 42 73 52 45 11 17 54 91 13 30 
TEST 36 ARG:76 39 48 28 27 38 60 15 13 24 98 47 70 34 4 87 18 55 53 25 97 85 52 78 72 22 84 64 17 19 83 66 68 65 74 20 59 95 16 32 37 1 46 40 30 7 61 92 3 33 21 56 0 69 44 93 81 51 49 43 6 57 54 14 91 50 31 96 2 29 45 11 23 41 10 88 58 73 12 82 79 94 5 71 63 77 42 90 62 8 80 89 99 35 36 75 67 86 26 9 
TEST 37 ARG:51 78 37 67 25 91 10 75 41 27 65 79 6 4 61 59 29 57 12 48 31 44 77 92 96 93 71 36 87 43 19 95 42 23 76 14 9 85 63 99 1 33 50 20 30 24 47 5 7 16 84 74 82 81 94 62 45 22 56 26 89 98 68 73 35 17 34 52 53 83 18 2 60 38 32 54 39 46 28 49 88 40 3 0 72 21 8 64 13 70 90 97 69 15 11 80 66 55 58 86 
